7424
8136
685
2869
1905
9584
5118
6853
3008
7429
8131
2578
4108
6360
8009
7344
7844
3663
2234
2965
8982
7700
5354
7849
3824
3178
9382
2070
7660
6895
6077
5083
5030
6761
7951
3287
2696
9420
6491
5704
6848
4621
8281
7308
7332
2641
4651
5175
2655
6885
8139
1636
4584
9845
9484
4760
3022
8865
6829
681
2112
2905
2116
3493
6017
6418
6779
8713
5838
9621
768
2685
594
5400
9992
7925
8040
995
9452
694
7879
7590
8681
8814
3786
8164
9925
3159
3381
3105
192
1844
2361
2307
1688
8378
8724
4819
3442
4561
4439
561
3598
5032
5960
9941
9309
3999
935
8760
1044
5165
2701
9724
331
6487
4239
6607
9645
3971
9712
9836
5814
2072
8494
7502
6801
7218
2320
6594
8130
6758
7154
8079
8142
3113
8020
7450
3463
5306
6209
4506
6823
5261
4229
3505
1747
8468
111
7744
2438
9822
7579
4604
1894
2425
8457
5046
9642
776
1640
4123
3885
8793
2202
8378
8258
6573
5827
1720
8230
8387
2578
5052
3648
6806
8556
1746
1625
8667
9489
415
4840
3420
1370
3085
5844
9826
8131
1837
6953
6122
2311
7189
1266
864
5567
9523
7436
7745
7595
2018
6132
172
7069
6131
3329
1977
4228
4954
6995
3717
1720
1834
3488
9441
1271
5683
9266
9401
3871
2570
1874
6181
9758
3139
7045
5324
2662
832
3069
256
2849
5552
427
6270
8034
3755
8246
2261
5060
1592
2329
3131
3425
5816
2571
1047
7850
8188
6799
8072
757
8672
4253
515
1811
7649
2190
4472
4832
1610
1079
4033
7161
7857
302
5194
7963
4899
7455
3023
6490
6135
2505
6266
8303
1428
3665
6152
9615
463
4224
6724
9135
4828
7238
945
8828
5779
1768
11
7389
2846
4043
4549
702
696
6095
8664
5594
9901
8038
8435
6035
6895
1053
4337
8322
4717
489
4288
5179
1064
1011
665
2243
4600
1609
1070
379
3376
1080
4119
2573
1475
5019
9626
2170
1113
8290
4116
1013
2679
8902
7048
9573
9954
1384
4246
1022
8224
8534
2553
5639
5896
3217
7881
6848
1178
5302
3578
905
6382
7696
3478
4208
2714
9455
6377
3827
4096
492
1191
6775
9394
4590
2699
5699
2326
3297
3073
549
8182
1977
2540
4077
1545
420
924
9074
2074
853
9979
4807
8548
9808
9014
1262
9262
5390
1440
3358
2234
8982
6484
7979
3572
5534
29
5897
8830
3101
2797
7011
1429
5336
7440
9326
2108
8363
8399
4181
9216
8377
8987
4115
4536
8000
1728
3798
9741
9519
3507
1974
8501
6342
9952
2072
1875
9981
4320
705
9433
7116
7715
7214
8804
5154
6539
911
9869
4937
1443
5436
9666
6781
5902
4201
4780
7630
4350
872
7148
7856
2846
2000
549
9149
423
2424
5481
4742
3128
1266
1858
7194
8479
7013
8700
1369
7923
4920
6305
5717
355
5970
2497
2608
6523
3628
237
872
4499
3737
5080
3696
2088
5628
9197
2511
8051
1029
7252
7530
2294
5461
4724
7124
2473
9775
8492
6747
4694
1149
2463
1400
7118
4959
4007
9992
4938
596
864
9437
684
2295
9484
2771
4274
8680
1633
8677
9709
8885
6206
8354
697
7281
5478
3170
7055
321
6268
8100
1469
8731
9499
4939
41
9858
4930
4979
453
2145
767
1136
791
6602
258
5065
5282
1891
3741
1342
7127
6298
9695
7823
3579
1524
7344
6985
1845
9964
1437
3313
5046
935
8251
5086
792
9533
6416
7596
1677
3534
5083
2468
136
1693
7532
1769
3583
7624
3110
7061
3921
2804
4883
3851
4328
8579
7188
2524
8542
8624
5836
3587
9558
439
5024
6702
9971
7792
649
1647
7677
5732
466
7812
7424
4349
5932
7358
1972
9041
4418
2245
8197
5652
6095
8876
582
3282
1399
5475
8257
7234
5413
4167
7672
6789
7220
3994
4580
7868
1993
2256
9951
2458
6420
3726
6807
2351
1083
5130
7744
1852
3726
5940
3856
9821
4815
4437
9454
6213
6264
4063
9798
1676
8229
3822
8464
5448
7815
9395
9667
9807
8003
9618
8617
4422
3343
1775
3124
778
6904
867
8981
6982
6806
2836
3154
7972
3625
2607
536
9888
3021
6686
7915
1249
507
6379
6696
4673
2125
2715
832
127
2332
9448
900
2026
7574
4024
9155
829
1242
8136
7810
4400
7323
963
2371
947
9922
9259
834
2942
5944
5101
4191
2802
1479
7238
3826
9955
9952
4657
82
8635
456
981
661
8029
1356
9815
8858
2598
4302
3019
6997
1625
3982
5719
2571
3903
4977
9757
3196
7272
4857
7386
73
2687
976
3899
2641
7279
4907
9074
5914
5363
6407
2926
9743
7762
9092
4952
6711
3394
4323
59
5018
8304
5778
3940
8558
754
3696
1753
8026
4904
5491
4450
3942
2818
8348
2935
96
9607
2008
2361
1321
4766
1638
7415
2528
730
2367
5590
4123
6689
5649
5492
1344
1426
5783
9901
8531
5831
8005
2908
734
9847
7358
1028
2664
2057
3962
2760
1663
5969
1472
2983
7087
3110
398
9614
3839
9116
1555
4313
2156
7203
6156
9851
4980
1938
6103
9863
7768
4107
2770
4854
3954
127
5881
6617
8536
6194
5728
6550
8514
3552
5885
5600
6661
2634
1565
6851
1749
3120
7515
256
6674
3670
106
1654
1959
6208
1516
6079
6666
637
932
6971
7116
3164
9940
5651
9357
5667
2200
7870
5570
8084
3470
8582
717
5034
5432
8817
4505
9298
5424
1179
9319
5529
9184
1278
8088
699
3708
4754
7687
991
1724
4802
4154
1663
452
9862
3682
9004
4083
5603
3439
3904
4185
508
8938
9616
9324
9794
5266
1100
972
4584
6628
155
5861
1068
7205
5920
2173
4892
6910
3896
9693
1063
1911
6497
7276
1944
1852
1359
7546
5290
5262
8082
5797
551
4050
1473
345
9315
2572
7668
3898
5551
4175
6111
6618
1379
2030
8790
2622
8940
9038
8667
6354
7300
1515
3630
5595
3366
1340
9492
8655
2953
7574
804
9856
1623
8628
6552
937
1199
4219
1186
3101
8393
7296
6071
6124
9326
1212
