11
29
41
59
73
82
96
106
111
127
127
136
155
172
192
237
256
256
258
302
321
331
345
355
379
398
415
420
423
427
439
452
453
456
463
466
489
492
507
508
515
536
549
549
551
561
582
594
596
637
649
661
665
681
684
685
694
696
697
699
702
705
717
730
734
754
757
767
768
776
778
791
792
804
829
832
832
834
853
864
864
867
872
872
900
905
911
924
932
935
935
937
945
947
963
972
976
981
991
995
1011
1013
1022
1028
1029
1044
1047
1053
1063
1064
1068
1070
1079
1080
1083
1100
1113
1136
1149
1178
1179
1186
1191
1199
1212
1242
1249
1262
1266
1266
1271
1278
1321
1340
1342
1344
1356
1359
1369
1370
1379
1384
1399
1400
1426
1428
1429
1437
1440
1443
1469
1472
1473
1475
1479
1515
1516
1524
1545
1555
1565
1592
1609
1610
1623
1625
1625
1633
1636
1638
1640
1647
1654
1663
1663
1676
1677
1688
1693
1720
1720
1724
1728
1746
1747
1749
1753
1768
1769
1775
1811
1834
1837
1844
1845
1852
1852
1858
1874
1875
1891
1894
1905
1911
1938
1944
1959
1972
1974
1977
1977
1993
2000
2008
2018
2026
2030
2057
2070
2072
2072
2074
2088
2108
2112
2116
2125
2145
2156
2170
2173
2190
2200
2202
2234
2234
2243
2245
2256
2261
2294
2295
2307
2311
2320
2326
2329
2332
2351
2361
2361
2367
2371
2424
2425
2438
2458
2463
2468
2473
2497
2505
2511
2524
2528
2540
2553
2570
2571
2571
2572
2573
2578
2578
2598
2607
2608
2622
2634
2641
2641
2655
2662
2664
2679
2685
2687
2696
2699
2701
2714
2715
2760
2770
2771
2797
2802
2804
2818
2836
2846
2846
2849
2869
2905
2908
2926
2935
2942
2953
2965
2983
3008
3019
3021
3022
3023
3069
3073
3085
3101
3101
3105
3110
3110
3113
3120
3124
3128
3131
3139
3154
3159
3164
3170
3178
3196
3217
3282
3287
3297
3313
3329
3343
3358
3366
3376
3381
3394
3420
3425
3439
3442
3463
3470
3478
3488
3493
3505
3507
3534
3552
3572
3578
3579
3583
3587
3598
3625
3628
3630
3648
3663
3665
3670
3682
3696
3696
3708
3717
3726
3726
3737
3741
3755
3786
3798
3822
3824
3826
3827
3839
3851
3856
3871
3885
3896
3898
3899
3903
3904
3921
3940
3942
3954
3962
3971
3982
3994
3999
4007
4024
4033
4043
4050
4063
4077
4083
4096
4107
4108
4115
4116
4119
4123
4123
4154
4167
4175
4181
4185
4191
4201
4208
4219
4224
4228
4229
4239
4246
4253
4274
4288
4302
4313
4320
4323
4328
4337
4349
4350
4400
4418
4422
4437
4439
4450
4472
4499
4505
4506
4536
4549
4561
4580
4584
4584
4590
4600
4604
4621
4651
4657
4673
4694
4717
4724
4742
4754
4760
4766
4780
4802
4807
4815
4819
4828
4832
4840
4854
4857
4883
4892
4899
4904
4907
4920
4930
4937
4938
4939
4952
4954
4959
4977
4979
4980
5018
5019
5024
5030
5032
5034
5046
5046
5052
5060
5065
5080
5083
5083
5086
5101
5118
5130
5154
5165
5175
5179
5194
5261
5262
5266
5282
5290
5302
5306
5324
5336
5354
5363
5390
5400
5413
5424
5432
5436
5448
5461
5475
5478
5481
5491
5492
5529
5534
5551
5552
5567
5570
5590
5594
5595
5600
5603
5628
5639
5649
5651
5652
5667
5683
5699
5704
5717
5719
5728
5732
5778
5779
5783
5797
5814
5816
5827
5831
5836
5838
5844
5861
5881
5885
5896
5897
5902
5914
5920
5932
5940
5944
5960
5969
5970
6017
6035
6071
6077
6079
6095
6095
6103
6111
6122
6124
6131
6132
6135
6152
6156
6181
6194
6206
6208
6209
6213
6264
6266
6268
6270
6298
6305
6342
6354
6360
6377
6379
6382
6407
6416
6418
6420
6484
6487
6490
6491
6497
6523
6539
6550
6552
6573
6594
6602
6607
6617
6618
6628
6661
6666
6674
6686
6689
6696
6702
6711
6724
6747
6758
6761
6775
6779
6781
6789
6799
6801
6806
6806
6807
6823
6829
6848
6848
6851
6853
6885
6895
6895
6904
6910
6953
6971
6982
6985
6995
6997
7011
7013
7045
7048
7055
7061
7069
7087
7116
7116
7118
7124
7127
7148
7154
7161
7188
7189
7194
7203
7205
7214
7218
7220
7234
7238
7238
7252
7272
7276
7279
7281
7296
7300
7308
7323
7332
7344
7344
7358
7358
7386
7389
7415
7424
7424
7429
7436
7440
7450
7455
7502
7515
7530
7532
7546
7574
7574
7579
7590
7595
7596
7624
7630
7649
7660
7668
7672
7677
7687
7696
7700
7715
7744
7744
7745
7762
7768
7792
7810
7812
7815
7823
7844
7849
7850
7856
7857
7868
7870
7879
7881
7915
7923
7925
7951
7963
7972
7979
8000
8003
8005
8009
8020
8026
8029
8034
8038
8040
8051
8072
8079
8082
8084
8088
8100
8130
8131
8131
8136
8136
8139
8142
8164
8182
8188
8197
8224
8229
8230
8246
8251
8257
8258
8281
8290
8303
8304
8322
8348
8354
8363
8377
8378
8378
8387
8393
8399
8435
8457
8464
8468
8479
8492
8494
8501
8514
8531
8534
8536
8542
8548
8556
8558
8579
8582
8617
8624
8628
8635
8655
8664
8667
8667
8672
8677
8680
8681
8700
8713
8724
8731
8760
8790
8793
8804
8814
8817
8828
8830
8858
8865
8876
8885
8902
8938
8940
8981
8982
8982
8987
9004
9014
9038
9041
9074
9074
9092
9116
9135
9149
9155
9184
9197
9216
9259
9262
9266
9298
9309
9315
9319
9324
9326
9326
9357
9382
9394
9395
9401
9420
9433
9437
9441
9448
9452
9454
9455
9484
9484
9489
9492
9499
9519
9523
9533
9558
9573
9584
9607
9614
9615
9616
9618
9621
9626
9642
9645
9666
9667
9693
9695
9709
9712
9724
9741
9743
9757
9758
9775
9794
9798
9807
9808
9815
9821
9822
9826
9836
9845
9847
9851
9856
9858
9862
9863
9869
9888
9901
9901
9922
9925
9940
9941
9951
9952
9952
9954
9955
9964
9971
9979
9981
9992
9992
