859
1525
3733
1284
3458
4533
4710
7
4350
1063
2149
2202
384
4171
3303
2639
4559
647
2707
2199
3491
4249
3424
4590
52
1521
4871
3165
3036
1519
3279
920
872
4890
1354
4850
2201
2669
396
4610
4950
4878
4002
1874
4889
2161
3767
4132
459
3022
2551
1065
4514
1911
4925
132
1485
2716
1542
2751
3747
2686
1069
908
412
3800
1160
3066
4604
827
1092
1179
2338
3469
2469
4522
4464
3976
4029
3873
4952
3471
2137
3067
534
1210
2760
4191
3809
1635
288
4612
3487
436
4190
3077
2770
3963
4352
610
2854
1108
3370
2084
247
3623
2774
3653
3633
1220
306
4936
487
3890
846
1565
797
2682
2517
4688
1914
4236
1307
4253
1103
4078
1389
2068
3108
860
4313
1889
4262
4423
3134
3105
1810
4974
1297
4418
4231
2246
305
2442
907
2064
3239
734
4595
1315
3307
2461
3735
1327
4791
3186
4215
4966
2627
3526
3192
3070
1704
4093
2898
3127
150
3675
3235
3289
4561
4993
2615
956
1963
4639
2152
870
3871
984
18
2504
1583
3226
3137
1859
1404
3861
3802
4603
4917
2744
3709
477
4654
3614
1412
1136
4022
896
3171
1392
2791
3375
415
3686
3780
3330
2041
3744
922
4382
1844
1071
2233
4802
4701
688
2288
3864
1217
831
4218
3910
4740
3848
4601
2785
88
3622
2672
2930
4038
2855
1422
1818
4319
3951
4753
3583
2406
1772
2466
662
2694
1957
3605
3346
1619
2272
255
2284
4323
1802
4845
3641
2712
2544
3174
1628
4383
60
1534
2379
1310
4916
1305
486
2214
2135
2021
4521
665
640
1221
428
4245
4633
4733
1820
4398
4608
424
1322
3796
2876
3327
504
361
1185
2304
862
4096
4523
2432
86
2071
4312
4412
377
4992
3786
508
4995
2275
4829
1833
769
3996
1190
161
302
3232
3098
2539
4278
4999
91
1592
1514
864
4527
1281
4538
1100
1027
3923
1657
3517
978
4620
3673
4347
1941
3594
3978
1523
913
655
3030
246
3304
532
3211
2
1951
2489
570
1588
320
3811
3250
1212
2113
4059
3180
1846
582
3525
3093
4144
282
4112
2976
2586
899
1294
4853
502
1896
2373
4490
350
1736
393
2562
3415
1888
1876
3847
625
890
2395
2488
3376
2997
1215
1359
1411
765
1209
1662
3350
2426
1400
3325
840
902
4854
3181
4266
4455
4140
967
1364
3145
2362
1177
2573
4395
4782
3197
2424
336
1350
1832
1574
861
524
448
4929
4932
4493
541
506
2349
2244
1277
124
4088
817
206
387
1695
2995
1138
1509
2269
4020
395
4328
4340
1559
2189
4494
3224
4159
2330
3550
573
1754
170
3854
29
1623
1517
3190
2552
758
4692
3339
1614
4072
2546
2325
844
3734
656
565
1365
2409
327
4943
2467
243
2711
3695
2193
515
181
1390
2662
3816
4723
1747
879
2882
4634
4635
1593
512
2124
4848
993
3790
1028
120
4342
1067
1955
4062
801
1723
2038
3877
480
3191
1641
1377
4803
3698
2237
296
3090
3648
324
143
1203
1638
4872
3464
2646
11
2741
2951
1204
3287
3913
4926
1664
4325
1197
933
4732
2809
3502
1864
4626
135
3149
338
1415
3035
3377
1563
1201
4289
4598
4427
4045
1571
3556
351
443
1417
4074
761
2990
3173
2967
4985
2565
4852
2142
868
3363
2212
2481
1121
1072
1122
2115
2954
3002
3347
1383
129
4671
2245
4772
2437
3545
62
842
3185
781
4511
1742
481
279
3704
1758
3964
370
4894
770
710
1275
4912
2649
2050
4306
4632
4543
2950
2558
3440
4496
3366
670
3896
3238
85
1608
3842
4335
2054
3777
1369
1318
496
1945
3860
3107
1233
1282
901
3537
4566
3761
3889
1316
4082
2601
813
4554
2077
2049
4432
850
4416
3571
921
1336
2295
4888
3168
3821
2765
4895
1936
4176
1934
4339
12
4716
4361
666
3489
70
1926
1768
2168
2264
778
4459
836
4927
3385
2978
2642
4796
3807
2514
2069
1076
2321
2027
1669
1013
4238
2557
1877
4478
2075
1192
714
2147
2842
3824
3428
2903
1462
4437
1538
142
3163
3894
3115
3010
4718
1246
1749
4174
4942
2860
311
1830
2942
3228
4745
3423
203
3403
1074
1814
618
1253
73
1916
450
2095
209
1051
3691
3839
1670
2438
4647
3867
657
3454
3908
3411
2067
589
3808
3065
687
2072
4113
1500
835
869
3646
4751
4699
537
4476
1459
581
3564
4931
2116
4789
2252
3459
378
720
4378
3570
973
136
4219
1450
1228
460
4315
1095
1118
2478
3208
2696
408
1857
4807
1018
3577
4017
1727
2653
3085
603
2984
1470
2053
748
3619
3126
514
1892
4673
3302
4497
3200
2713
469
2081
849
1745
3791
2107
1102
2022
3559
3576
4194
3230
2029
1531
664
1863
764
701
4954
1642
4742
2940
2632
3911
3685
918
4206
3888
2494
4637
220
3817
772
81
1675
3057
4220
3658
1486
2998
348
2420
2117
416
373
3939
1034
3521
3255
270
2579
2051
3037
4462
2968
4442
1974
3515
1624
1983
2381
1575
1143
1539
2070
3504
683
1243
2239
3599
1011
1890
75
931
2723
671
4445
4655
1410
4430
1511
1120
2596
4996
4572
1096
3349
227
1395
4956
3274
2640
2731
873
1252
4748
185
3782
3930
4919
3612
1637
2337
4014
1159
225
536
2748
2052
4123
1789
2720
3265
1352
4884
3402
917
4579
3298
2897
2320
825
1086
4815
4676
4329
389
3386
4855
4248
2583
4557
1009
1428
1195
4165
3484
914
1240
233
96
3444
4343
2256
1479
273
66
2691
4000
2957
3677
2636
3561
643
963
3187
789
2815
2207
4389
4800
3026
3046
563
4242
1430
2977
3597
2909
3874
3815
1924
3994
3356
4391
2130
1244
2588
972
2280
2232
3518
3482
4664
67
2360
3461
2196
3068
4164
1041
358
4830
545
404
27
2680
1928
2477
1482
2001
979
194
517
2480
4227
3697
195
2475
3799
4544
4360
4291
2418
1008
694
2194
2221
4795
300
335
362
4550
3687
2910
1961
28
3467
4975
1564
4725
4904
3682
1467
1516
1845
1702
1503
4736
631
4184
2431
595
522
175
1276
4287
2721
1661
2118
155
4109
3991
43
2378
609
3600
3876
3557
4310
975
929
796
3102
4018
4226
2877
2410
54
4661
2775
2994
1434
1989
371
290
4668
4510
2892
2802
1609
3626
1025
3069
4547
4670
4896
184
3674
2390
4246
1006
738
4208
968
2813
4939
3146
2700
173
3505
1403
1822
1794
2693
4351
3019
2086
315
3236
2837
4885
478
332
1546
4256
937
3027
659
682
2396
417
1391
3953
420
1236
574
1767
4204
999
4859
4517
4947
1682
1416
160
3566
2311
1245
585
119
2457
138
3893
3081
4115
4642
4037
376
24
3355
3634
4951
483
2703
4681
79
4728
3957
482
3101
3797
4295
750
1414
2534
3240
1602
3106
3565
4087
2578
579
712
1869
421
3262
2249
2687
4169
1497
1760
2191
3213
3337
4079
1625
4957
346
2339
2542
4137
2218
2673
2606
951
4450
4264
1176
2034
2768
3572
32
224
821
3319
3094
1550
20
4616
3257
4439
4477
1873
3887
3199
2637
4972
2501
172
4065
4767
4039
4158
3760
4984
3113
2537
611
1610
2234
3110
2236
1714
2382
4367
3278
730
1937
4354
3968
4010
3104
3087
468
106
280
3042
3095
3468
2173
4296
4404
2380
2355
4275
2091
4149
4146
3552
130
3378
4117
3932
3368
4036
3713
266
1899
1630
178
3404
851
2030
1656
4839
4504
2811
2019
2527
1387
3247
3280
33
167
1292
1807
4277
2430
4471
433
1083
71
3436
2941
1174
2326
3650
4386
881
3655
242
414
961
3694
1982
722
1087
1999
2206
3334
912
3024
2737
1881
1555
1836
94
586
402
49
892
3221
1775
2938
1562
286
259
333
263
422
2491
1816
3546
2096
1321
3664
1455
458
2282
1720
3568
2705
982
3532
3130
4865
2216
1330
4706
1978
341
2746
1985
1969
3229
3073
3922
4808
1309
4052
4928
2023
1929
2531
3982
3292
2141
2414
1001
1967
3729
100
154
3596
1180
3140
685
4161
34
1787
4345
4188
4910
2413
930
3533
2701
4874
949
474
2572
3541
1075
2266
2342
1954
2651
267
3124
1173
93
3649
539
4440
1289
4485
2602
3593
3826
3558
4435
681
1601
4611
2747
2745
4438
4147
4657
4675
308
2931
2738
874
442
1743
4581
943
2192
231
4063
494
271
1258
2167
4565
2160
4326
3886
1677
2759
1993
3470
709
2847
2831
236
1165
3822
1440
4897
55
470
1813
4474
4380
1752
3490
4353
4157
4918
1854
4900
1463
2483
2734
4368
2405
2285
1655
513
3286
3348
2928
1709
955
4749
1163
2063
2056
4073
3501
1528
802
669
187
4195
275
1371
884
4652
284
571
2434
1254
112
3944
3903
2566
3945
485
4809
3270
3789
891
746
759
4131
2093
695
4374
4110
3745
4314
3912
4687
3882
3562
174
3870
3609
2858
1057
1437
4254
1956
923
1795
1513
733
958
2644
1269
35
3567
152
2871
2080
1817
3206
452
3727
2385
3947
4546
1851
3611
3872
1237
4241
2853
2389
360
2040
4317
2790
1097
484
752
2025
1970
2509
76
1183
310
619
2059
3836
352
1617
3547
2065
465
1264
1205
3141
292
1015
986
1968
568
3045
3892
2912
612
4160
1038
4069
4776
4233
2313
3401
689
554
345
2633
2625
2822
3643
4371
4586
602
1325
3506
989
3934
3142
4991
4946
4013
3595
4771
3950
2186
1022
1124
3132
815
4501
1554
2002
824
1872
2397
626
1128
1862
3156
1084
4818
648
3973
2031
677
4513
1490
2541
4677
4470
432
2678
1573
2082
4334
1878
1466
1998
578
946
4252
3154
3486
4806
3879
4370
1759
1994
1838
3178
4077
1933
3291
962
3103
4750
2609
439
1187
171
4128
3314
3425
4685
3196
4308
4364
4283
3477
403
1232
4027
1948
2576
250
1621
1915
4392
3828
2377
4258
3926
1798
673
1447
3449
2670
856
322
1372
2359
1530
3340
2391
774
1898
4135
2139
1346
3749
2028
2094
4793
2962
3795
4119
186
2507
4881
3419
1828
3818
4292
2821
1251
1870
98
368
3722
4816
1520
2556
3725
356
804
4556
4134
822
707
2195
429
4175
1345
3716
1741
1527
1733
4738
4491
1738
4960
3018
792
4844
4393
600
4730
1104
3929
3371
4990
1386
1398
1132
1029
3028
2179
4860
2856
3212
3977
4862
3508
4837
4023
1081
622
1707
3175
2241
3878
2925
84
222
3941
397
983
4142
2289
4715
1912
2203
4032
2140
1202
4539
3259
2851
3948
3985
3763
2764
2702
4785
3029
3001
731
1683
4095
2555
1687
4644
1032
4097
2590
3983
754
2647
926
3296
2885
4923
3728
991
4646
3702
111
4250
4153
4537
3391
40
1681
1671
210
2353
2743
1526
1713
1295
192
1125
3193
2003
3417
3266
4155
3189
1247
1921
4116
2792
1603
4373
4050
1267
4006
4480
2543
2683
2559
620
108
2788
1711
1162
42
3216
3345
3833
4387
783
4472
3252
330
2861
1181
837
4337
3074
2891
3052
4667
202
2782
745
718
3891
2508
4774
699
1137
2798
4417
1685
4481
1606
1331
2864
691
3627
2164
1981
2465
1355
4139
1432
418
2267
2479
4813
4908
4567
2455
2878
219
1068
4094
510
47
151
2158
4899
1634
2608
1866
4875
4090
4786
4672
4272
3267
226
4870
4213
3488
3020
546
4327
4573
1053
3846
950
3293
4980
2654
1099
3323
3830
307
1413
2098
1652
4921
2692
2407
624
4986
1658
627
753
2589
3151
4207
3047
281
1905
808
4826
2073
1468
4545
3931
637
244
2862
109
1429
725
107
4562
806
2198
4076
3844
2584
4574
528
2436
92
4959
807
3766
2154
2988
1819
4092
2605
4267
13
743
1020
897
4111
455
2298
2986
4512
1893
3249
4530
3481
2150
4099
1887
4196
3563
604
4216
1548
4091
3452
2742
3956
768
1719
369
1979
1425
2597
4509
3819
1061
2278
4763
3227
4173
1360
1014
140
4405
3838
19
3778
1358
1000
3909
3900
1452
2614
3637
3
2493
4695
252
2005
3169
906
3297
904
2331
535
3955
1285
1551
1454
1263
2110
321
2980
3810
3342
4475
1626
925
2305
1314
3999
3246
1149
791
2205
1996
3117
2258
2626
3217
4269
3144
2907
2119
4821
313
1769
1433
4903
957
2600
1140
4704
3463
437
4663
1599
2533
1913
1962
2345
2612
447
3738
299
4613
1033
3530
555
4221
1894
1886
3396
4524
3647
301
2166
4468
3031
1922
131
4638
1060
1633
1303
672
1935
223
2690
4962
832
1115
3003
3000
1897
2893
3762
1518
2227
2919
1255
2190
2188
1339
137
331
1167
3591
1024
3536
166
1975
4678
4773
386
232
3584
1645
1825
3663
4764
406
4689
3524
2163
1366
4665
3707
51
4145
3485
1973
3264
551
4304
1865
1580
4177
4284
1472
4428
1763
1790
1439
1651
4754
3938
251
4503
1257
2949
4724
1784
2293
3672
1012
2835
1853
4454
3429
15
1396
3332
4930
3820
3925
3670
125
2319
1512
935
2547
4576
3984
1944
1268
2393
3549
4261
2587
3324
2924
2464
3369
4064
1840
1039
4570
3845
2048
4708
3765
4356
200
3775
1475
1716
2292
4911
1848
2499
3628
4600
776
3448
390
3741
3866
4355
190
3092
1732
159
1002
4759
608
4861
2296
133
794
2204
706
4172
959
1776
2297
4619
2126
3138
2450
2528
2261
895
1040
3352
2927
1226
3942
575
260
2762
4384
818
1073
4768
3979
2440
3960
1674
757
461
4822
3946
3715
2655
3056
800
4629
3121
2773
4168
777
3177
1659
269
4794
3638
668
2055
2902
740
4192
2814
425
1451
153
519
1337
462
2869
2476
3017
2352
4377
4460
4344
4214
4447
2215
2506
2585
693
1800
4583
971
4804
994
719
2810
3758
3231
558
3136
4846
3705
1003
388
654
3379
4035
2085
36
1113
1353
2226
2881
4379
2823
3604
3372
2913
1418
4970
1367
2916
1461
1581
4274
239
1230
4552
3172
2324
3311
667
2827
3335
1939
549
419
3148
4686
911
381
1476
2724
3059
1333
4211
1148
1021
1950
2043
3980
1545
3338
401
3194
1223
2120
684
4873
676
2826
2482
2347
238
3897
4411
3560
2833
4760
3384
1441
953
4108
3884
2799
4005
1589
1544
148
2097
4244
179
3343
2623
3392
1161
2652
2376
2915
3049
3290
3418
2316
1004
1323
2960
37
68
816
1026
3769
1341
2714
2240
2766
1756
4451
3832
713
1729
207
89
629
4453
2706
23
278
593
880
449
1385
3683
3606
661
780
2423
2299
3701
457
2363
4834
1712
4953
3636
1676
4043
3739
721
4744
2866
1324
3014
697
3427
4081
2599
3353
1279
177
2290
3528
2947
1271
58
1484
705
894
3179
1541
4731
4756
2789
3914
1178
2448
2344
2200
319
2225
3693
4270
3218
3222
1135
326
78
3798
1799
4448
1042
2007
1200
2429
2581
4592
867
4971
1491
561
382
2518
652
4025
3731
674
440
1231
966
4271
1765
1552
1312
2894
2987
3696
1481
4407
2350
1622
337
1697
80
4042
2323
127
4030
4362
616
3757
4365
1222
4390
4458
240
3712
409
1774
636
3147
3615
2061
2873
744
2729
4691
4734
1094
374
3357
1788
1317
1755
3962
1397
1456
628
1498
1405
2560
4548
2638
4958
495
527
4133
3514
3433
4989
799
4741
1156
4376
357
1139
1744
1494
2757
1501
2659
4247
2896
3198
1056
4421
3400
4551
2018
4363
2354
4400
3711
3258
2486
686
4201
454
1077
1126
1241
4500
1419
435
4868
997
924
4001
1540
876
1194
3143
298
3048
3575
1495
2929
4507
2460
4949
3943
4212
526
4575
4614
3473
3657
4167
2274
2024
1596
4222
3823
4920
572
1931
4488
2108
3857
3510
2523
1044
1653
2327
3439
2000
312
4318
3496
4905
3721
1
3398
3038
2709
3774
1883
716
4968
2817
249
3688
2364
4
3032
3927
4282
2105
3792
1147
2667
1694
1146
491
372
4944
601
2944
4401
1791
1952
4424
4540
4658
3063
2083
2969
4961
4441
1261
2631
3726
4963
3414
221
217
4414
4711
779
2433
3129
3183
847
4913
1535
3607
1843
2273
3988
3005
852
1234
2934
2843
4070
4666
4924
293
2247
3021
3849
1225
1644
3585
128
4938
521
2456
3160
2511
1561
126
1808
4336
3975
3269
4940
1966
1045
3283
2783
2999
4569
2675
4255
4568
2197
4446
2315
359
2776
4127
365
2825
334
2548
4824
1154
3282
2872
1701
1673
1925
3684
4479
3382
4649
2857
1977
3233
2570
2536
3276
3328
2917
1458
3785
903
398
3507
2089
1445
1107
3387
505
1801
1262
1841
3737
4322
3678
2629
375
4016
2181
59
3754
3008
2540
1306
3462
4820
3034
1127
580
2492
2571
1778
3497
2845
2575
1407
2346
2794
2351
3170
4727
1691
1786
1164
2549
927
700
2836
2291
4651
3209
742
103
2412
2012
2884
4577
3167
1166
2525
2057
2521
4294
1426
3917
1522
3898
4487
974
44
2451
1421
2143
168
2681
1474
947
3409
2383
2859
3015
4778
1797
3388
45
845
4193
2911
2060
2257
2417
2307
2371
4148
2512
3051
3667
1766
4041
4876
4886
4333
3986
4835
2989
1382
355
3416
2039
3918
499
1780
228
1326
1356
479
2109
1598
431
1457
3743
3764
3434
3223
2283
3285
3321
1900
3407
4415
2577
2134
1213
1050
272
2803
3288
2806
2666
3109
559
189
2123
4650
1909
3479
3271
830
2904
115
985
3522
1515
3629
4469
4737
2750
2604
2348
4977
2314
3495
3548
101
569
463
3162
3511
1773
1858
2975
256
3300
1908
410
1618
4199
2162
3902
295
1278
644
2262
287
1438
318
2780
3435
4630
2728
3210
1238
1427
2850
741
1591
3998
829
2554
2036
102
1186
2131
4964
550
1058
1730
564
1566
3581
3251
1017
1783
1895
2223
1654
1023
3875
95
1460
3294
1469
283
2699
4046
3083
2879
4713
2656
1169
3492
413
1188
2387
3680
1560
4867
4643
1964
3161
3720
2087
3135
2265
1504
2473
728
3176
4606
2778
2519
1751
1753
2358
4265
4906
1049
1298
4578
430
364
4761
3201
633
39
1584
30
2462
2384
3840
3661
1689
755
1585
3079
3499
2127
4631
3625
1363
2404
3589
1477
1632
2829
934
2182
3592
2045
3740
475
4260
1860
2830
2329
3801
2661
4224
4004
211
1046
2777
639
4843
970
735
1424
756
833
2598
1308
2772
3868
3995
3574
2793
4406
2422
501
1436
2446
520
2498
1649
4828
543
2515
4694
1942
4302
4281
2591
2715
2529
4965
3573
1781
3736
285
2229
445
2367
2875
2657
235
4186
4068
775
2630
2277
1227
3755
4589
1553
1078
3451
3580
1168
4755
3579
1151
3748
3245
3164
4330
2710
1393
4690
1052
2375
237
1852
2739
4358
4058
3039
90
4585
1731
3635
3184
2648
2952
4066
2920
4033
2848
509
1378
1722
2704
2250
1827
317
4240
1918
4653
1604
2111
3813
887
2593
1855
2685
1349
4332
3989
3445
552
2435
932
642
65
2553
3656
3041
3825
2484
4426
53
3654
366
3692
4783
2416
2228
1600
3260
1091
2155
1423
264
3812
354
4541
3268
858
1953
723
1211
4385
4098
2936
1629
1737
1150
614
2906
4596
3723
1699
2650
2807
2386
2231
2254
399
4118
518
3937
1779
4769
2133
2281
4580
3465
1986
715
3071
663
451
613
3076
3430
4028
289
343
4879
3120
4898
4515
584
2820
4558
4847
3835
3089
1313
940
349
2726
4679
2398
3770
3119
163
2795
2752
215
2210
1920
1910
2852
2900
737
253
1280
303
3621
1959
4408
2452
981
751
4988
1488
729
1824
4071
3829
1155
2628
2037
1043
2090
2758
114
2964
1153
1329
977
2125
3666
3455
749
4102
4997
2415
939
4239
969
183
4833
325
4040
2569
1636
2505
878
3478
630
2660
2958
1235
1940
1663
3751
182
476
2145
4209
1036
1803
785
2784
4055
492
1172
4790
2530
4787
3241
4293
4461
4840
2388
3779
4083
2901
4893
2208
456
692
2306
4085
1850
2524
3974
2635
2677
2230
3060
1750
427
3367
3855
557
810
1473
4887
4381
3133
2620
998
2838
323
2035
1834
1700
1196
2819
1849
915
4697
1480
105
3608
48
4268
3961
2394
3480
2301
230
3261
2733
1703
4505
4628
548
3033
4180
2270
1734
2618
4703
675
1812
2303
69
2717
4299
1101
2658
3859
1826
2502
4624
216
4810
3992
394
739
651
4187
2294
4863
144
3714
1524
788
542
3631
1129
3831
3308
2335
314
3475
838
1735
146
803
786
3188
4609
229
4465
383
254
1214
871
2563
2013
3519
1037
995
2453
1938
2921
3080
587
3421
1823
3527
863
3706
1686
3783
1679
4178
2144
3078
471
1283
3965
4235
1902
1842
809
164
4869
4473
2171
726
2991
1919
1725
4449
4011
2727
2026
2112
2516
660
760
1572
2170
4467
1208
1792
2357
391
3381
2863
1698
3331
4799
498
2740
4422
525
1064
3907
3967
1930
4519
4403
2260
4660
553
191
8
3122
1726
3531
490
204
2899
2886
1646
2824
1088
2610
3072
2621
1650
855
1435
1379
1145
4185
615
2735
941
547
828
4922
3394
1988
1533
936
1690
4784
3660
793
3364
4645
1062
1171
1079
3853
2219
1248
1409
3058
2982
1667
1388
2689
1005
3724
4757
2781
2966
1811
1943
497
1449
3679
1972
4021
149
3613
4621
4107
3393
2020
1705
2749
4827
3351
885
865
727
3500
2078
3023
2671
3305
74
658
4359
3952
4948
3438
4210
3476
4693
4303
3869
1590
1903
2129
4726
1134
3703
1586
4856
241
1880
3652
3787
3084
3344
2402
606
4130
2044
41
3061
2238
4122
3166
3582
2708
4189
2121
3204
4502
2312
834
2993
4902
3640
4617
176
3933
2574
843
3312
2088
2263
538
169
2328
2956
2146
3793
4120
3263
4298
2959
4105
3111
4341
4770
2427
638
2979
4684
2645
577
1239
679
2495
540
4311
4831
3044
134
3662
3644
980
1080
3358
1133
4933
1114
3534
3776
2174
4084
883
4967
1290
3642
1906
4909
3921
1381
4516
3219
4998
1362
1085
1668
2472
2255
4397
2908
1761
2006
4819
2074
3431
4060
2972
1402
1613
4179
4141
9
2889
1696
1420
2253
3512
3301
188
1923
4349
268
1296
262
3317
2421
4714
118
4495
2996
1301
4388
1639
2178
3493
3225
3100
4534
708
2187
4680
3313
4243
1558
1448
1170
2769
724
1932
3157
3064
2217
2220
4100
3852
1594
2698
1332
4719
3412
3959
3442
1640
1401
2276
1406
900
4054
3013
560
531
4484
4945
2008
1597
1891
104
3007
1987
952
1537
3659
2818
4181
10
3437
3503
3360
3043
4402
3997
3689
3426
4907
1266
2948
2500
3202
56
2725
1507
4129
4410
4747
2180
2156
4857
3784
1106
3651
4532
4976
1804
3116
2185
3616
1793
2009
2370
3275
4106
2058
4935
2138
3940
1182
820
1587
26
4765
823
1116
488
3159
2754
2399
3123
3603
866
3446
83
113
1394
1829
3632
841
3972
4915
1059
898
2343
1958
1142
156
3220
3205
3883
3315
1693
2454
2918
4648
1019
3422
3450
566
556
3457
1123
1229
248
4698
736
3150
4712
1016
50
3096
4230
423
434
1947
503
1917
1141
3856
3746
1342
2235
3361
1570
4814
4234
3862
2128
4584
2114
4143
4338
819
2963
3899
3011
2676
2643
3970
4225
3539
877
3420
2211
297
4279
2535
1884
4154
347
1109
1219
4273
2805
4434
1995
2102
1286
1443
3781
438
4197
4309
2302
2887
2047
400
4994
2801
3075
1960
2971
4285
1291
4506
1666
773
1493
1304
3699
4587
1111
3316
605
4019
2922
3131
2923
1721
3863
4419
4618
3993
1660
277
3509
2865
530
2334
1300
4623
3981
4792
1189
3203
4151
1288
218
599
3966
3242
4571
1055
3805
1031
594
4051
732
3771
2408
3248
990
500
1547
4812
711
4136
2932
2800
3362
99
3919
2580
2561
2474
4321
4320
4987
3905
784
4529
2722
1782
165
960
3516
4152
2439
4009
3569
766
1082
385
4413
4223
205
857
4463
853
2401
3837
4563
2719
316
4849
905
2333
919
3025
3082
4444
4057
2834
954
3620
4892
2808
2520
2046
1901
2441
1130
3759
3320
1119
942
4983
696
4089
623
1971
1431
3152
2603
1688
3924
446
3676
1249
2619
466
1867
147
2136
507
444
2099
1357
1868
2812
2840
2613
1710
2961
1070
380
4489
3207
1374
4593
4766
607
1224
3128
992
544
2372
2767
4288
1112
4357
4553
2224
3906
4047
2849
2485
2935
4436
976
276
3155
1375
4560
4669
3803
2611
4674
2890
2550
2004
3681
2697
3399
811
1861
3299
1259
2786
762
1907
2624
3453
2973
3732
1446
57
367
4003
1764
987
1370
767
4775
4202
4707
529
3158
3865
4864
3710
1260
763
3719
3243
4103
1678
2771
4798
3954
4067
3586
3365
4205
1272
2926
4720
3717
848
1319
2945
3958
1997
1904
4969
2428
1831
3618
4331
2286
1335
22
2411
3920
4762
3359
1740
2965
3112
3354
4752
1529
4263
4914
2846
4542
4409
2513
4564
4981
2974
2564
1647
2176
2668
117
3326
1595
812
1293
453
2992
4842
4369
2522
1715
2153
4535
4452
3494
4866
3441
1105
1465
1616
1175
1643
1273
4375
3055
3413
4056
3474
61
3016
1492
3630
3523
4801
680
1158
2985
145
4183
3397
4034
1856
14
3114
2259
122
1380
2665
591
3542
4797
4101
3587
562
3834
3253
1805
1302
3841
964
2538
3756
2874
634
1976
193
1131
6
1771
2496
3408
511
2062
4125
3850
4203
2271
1611
1815
1532
2356
407
2804
2010
4156
790
4858
4599
888
3460
3588
2101
1847
2369
4591
196
328
2175
4605
157
198
4735
1287
2970
3602
3256
4659
1746
4104
3772
2392
197
782
4300
965
4597
2933
4015
3814
2368
3050
3099
2880
1706
1578
3773
3195
464
882
590
3598
3690
3858
3153
2014
2468
4682
4286
4457
621
1487
4825
1152
4934
4499
826
3718
2797
678
2684
3091
1739
158
3904
4832
1344
2688
1835
1885
597
4198
2016
3139
1206
3125
4075
4841
3617
3004
1047
4170
2318
4891
1242
2641
4217
2761
1340
4536
3880
258
2787
2177
1665
2841
2366
1506
3535
944
4743
516
4722
2032
2033
2955
4640
1612
1770
2322
139
3272
1627
2209
4007
3406
4259
4080
2730
3543
4498
4492
2165
1821
257
1536
1184
4232
4228
3752
3540
2287
2017
1557
3827
617
2103
1399
3390
2510
2567
747
4549
4531
2905
1442
2503
2736
2015
38
4779
1207
2867
2868
2443
771
342
3513
2092
180
1338
87
1483
4823
4086
2634
234
3281
1568
805
3730
2844
77
110
1949
1718
1549
4941
4622
1762
2242
632
4251
4307
4061
1030
3742
2582
4662
309
2832
3843
4466
3806
1157
3062
4817
4882
63
2106
5000
72
2463
1991
3750
3373
4588
1615
4838
592
4594
3555
4625
3916
294
1777
635
2883
214
199
2336
473
596
1408
2425
4883
3590
3284
703
2169
4429
2447
17
3971
2444
4229
3554
2449
3118
1090
3012
121
3234
1757
2079
3610
4366
1582
4979
2595
379
2487
1361
2981
4717
2159
4257
4805
704
82
2568
3310
4851
353
261
1328
1489
2490
4781
2943
4978
3624
2076
4049
3053
854
2839
1748
523
4124
304
3708
3553
1510
3768
2914
2011
2870
274
4394
2042
3671
3432
291
1569
4114
893
1048
1320
21
3237
889
4780
945
814
201
3969
46
1191
2796
1444
4126
4555
3881
2243
2248
2458
2251
583
245
213
2953
4508
2718
1684
2983
4031
2341
392
1117
2279
4683
3006
2148
886
4656
3551
3273
1605
4955
2340
3329
4607
97
798
329
1837
4982
4937
1796
3804
3928
2732
3295
123
4200
3443
1054
1376
2300
4746
4301
2361
3215
4150
3472
2695
1035
4166
1348
2308
3895
3341
2616
1809
3336
3333
1567
493
3318
1806
2157
2470
1299
2459
4836
2066
3544
1871
4346
1093
3578
988
208
3669
339
1508
3456
1274
1879
141
3915
3383
4758
1098
3483
1875
1882
1453
2946
1193
2403
1502
4053
3086
2756
2122
4396
2365
3990
3322
2100
1965
4280
2779
928
1256
4316
2104
3788
2679
2895
2674
4602
1216
2419
4788
2222
3466
1199
4627
3040
3447
4044
4012
2532
3936
702
650
3244
3987
344
2622
212
1471
2828
4696
3753
1927
2755
2939
4636
909
363
3498
16
3309
3601
787
162
1631
1218
1311
1144
4024
4641
116
3405
4138
1499
3851
64
2594
4520
1110
2213
2317
2607
717
576
4163
3538
4705
653
4777
2332
2132
910
5
2888
4877
1692
3389
1334
411
4709
4008
2763
1496
2374
2183
3668
1270
1672
1839
875
4486
1368
1384
472
3645
265
2268
1343
2172
2184
4526
3529
4482
1980
1010
1728
3935
4290
4420
649
3949
441
1990
4026
3374
641
3700
3410
1708
467
3395
690
1198
4237
916
1992
4525
948
1250
1556
4456
4297
2592
25
1576
4443
4425
646
2445
1717
1577
3306
4700
1089
533
1505
1724
405
4739
426
3097
3380
4372
698
3054
1351
1543
795
3901
4305
4615
4582
4433
1607
2663
4729
4348
3794
4528
3182
938
1579
2816
2617
1785
839
1648
1007
3088
996
4182
4702
1265
2753
1680
31
1066
2310
4276
3885
588
1984
2400
1373
2664
645
2545
3254
3214
3639
4880
598
1347
489
2497
3665
4121
4048
1946
4483
4162
4518
2526
4811
340
3277
2937
4721
1478
2309
4901
2471
4431
4973
1620
567
4399
4324
3520
3009
2151
1464
